0 0.656250 0.322533 0.687500 0.321060 0.715820 0.338733 0.737305 0.366716 0.752930 0.406480 0.758789 0.443299 0.757812 0.474227 0.752930 0.499264 0.748047 0.513991 0.745117 0.512518 0.744141 0.525773 0.738281 0.531664 0.737305 0.536082 0.736328 0.546392 0.735352 0.553756 0.730469 0.564065 0.725586 0.577320 0.721680 0.590574 0.713867 0.578792 0.708008 0.578792 0.706055 0.583211 0.706055 0.587629 0.708008 0.593520 0.710938 0.605302 0.698242 0.617084 0.696289 0.618557 0.693359 0.622975 0.696289 0.628866 0.698242 0.634757 0.696289 0.637703 0.687500 0.633284 0.685547 0.631811 0.688477 0.625920 0.688477 0.622975 0.677734 0.624448 0.654297 0.608247 0.625977 0.575847 0.604492 0.543446 0.590820 0.499264 0.585938 0.462445 0.586914 0.422680 0.593750 0.391753 0.612305 0.354934 0.631836 0.334315 0.656250 0.322533
0 0.098633 0.136966 0.115234 0.125184 0.133789 0.119293 0.151367 0.122239 0.169922 0.126657 0.189453 0.144330 0.208984 0.164948 0.223633 0.201767 0.225586 0.220913 0.231445 0.245950 0.231445 0.276878 0.225586 0.310751 0.217773 0.335788 0.207031 0.356406 0.202148 0.365243 0.194336 0.371134 0.187500 0.377025 0.178711 0.385862 0.170898 0.396171 0.168945 0.400589 0.156250 0.391753 0.143555 0.381443 0.132812 0.375552 0.125977 0.359352 0.112305 0.335788 0.101562 0.316642 0.085938 0.300442 0.075195 0.290133 0.074219 0.288660 0.067383 0.262150 0.064453 0.225331 0.068359 0.200295 0.072266 0.178203 0.082031 0.159057 0.091797 0.144330 0.098633 0.136966
0 0.314453 0.405007 0.317383 0.418262 0.317383 0.435935 0.313477 0.450663 0.313477 0.466863 0.308594 0.487482 0.299805 0.513991 0.288086 0.539028 0.274414 0.552283 0.272461 0.555228 0.265625 0.539028 0.257812 0.521355 0.247070 0.506627 0.231445 0.491900 0.212891 0.480118 0.199219 0.475700 0.186523 0.474227 0.172852 0.475700 0.161133 0.480118 0.153320 0.484536 0.150391 0.466863 0.150391 0.452135 0.154297 0.432990 0.160156 0.416789 0.166016 0.403535 0.175781 0.390280 0.195312 0.372607 0.214844 0.363770 0.243164 0.362297 0.268555 0.368189 0.291992 0.379971 0.306641 0.388807 0.311523 0.399116 0.317383 0.396171 0.321289 0.391753 0.322266 0.390280 0.323242 0.394698 0.324219 0.402062 0.324219 0.409426 0.321289 0.407953 0.317383 0.403535 0.314453 0.405007
0 0.267578 0.326951 0.288086 0.324006 0.298828 0.318115 0.307617 0.312224 0.314453 0.309278 0.320312 0.304860 0.324219 0.303387 0.320312 0.281296 0.320312 0.265096 0.321289 0.244477 0.324219 0.226804 0.330078 0.209131 0.341797 0.192931 0.349609 0.182622 0.363281 0.175258 0.359375 0.150221 0.350586 0.128130 0.341797 0.111929 0.324219 0.095729 0.307617 0.083947 0.291016 0.082474 0.275391 0.083947 0.261719 0.091311 0.243164 0.113402 0.234375 0.134021 0.227539 0.150221 0.224609 0.175258 0.222656 0.195876 0.228516 0.231222 0.234375 0.262150 0.244141 0.298969 0.255859 0.318115 0.260742 0.322533 0.258789 0.326951 0.251953 0.328424 0.250977 0.331370 0.256836 0.338733 0.261719 0.337261 0.261719 0.332842 0.264648 0.326951 0.267578 0.326951
0 0.222656 0.362297 0.225586 0.344624 0.234375 0.322533 0.245117 0.306333 0.246094 0.303387 0.256836 0.319588 0.260742 0.324006 0.257812 0.326951 0.251953 0.328424 0.251953 0.332842 0.256836 0.338733 0.261719 0.338733 0.262695 0.334315 0.265625 0.326951 0.288086 0.325479 0.303711 0.315169 0.314453 0.309278 0.321289 0.304860 0.331055 0.321060 0.339844 0.341679 0.343750 0.359352 0.345703 0.375552 0.344727 0.384389 0.336914 0.393225 0.331055 0.402062 0.323242 0.418262 0.318359 0.431517 0.318359 0.435935 0.318359 0.421208 0.314453 0.406480 0.318359 0.405007 0.324219 0.410898 0.324219 0.399116 0.323242 0.391753 0.317383 0.396171 0.312500 0.399116 0.306641 0.388807 0.289062 0.377025 0.269531 0.368189 0.244141 0.362297 0.228516 0.362297 0.222656 0.362297
0 0.143555 0.403535 0.148438 0.421208 0.149414 0.441826 0.149414 0.460972 0.146484 0.491900 0.128906 0.509573 0.126953 0.509573 0.137695 0.453608 0.136719 0.406480 0.129883 0.374080 0.140625 0.394698 0.143555 0.403535
0 0.126953 0.119293 0.140625 0.113402 0.163086 0.113402 0.181641 0.123711 0.197266 0.138439 0.208008 0.156112 0.216797 0.182622 0.205078 0.162003 0.190430 0.145803 0.170898 0.126657 0.148438 0.120766 0.130859 0.119293 0.126953 0.119293
0 0.181641 0.104566 0.172852 0.066274 0.172852 0.022091 0.178711 0.001473 0.205078 0.000000 0.242188 0.001473 0.290039 0.001473 0.300781 0.039764 0.301758 0.082474 0.280273 0.081001 0.271484 0.085420 0.243164 0.111929 0.238281 0.122239 0.223633 0.160530 0.223633 0.162003 0.217773 0.156112 0.203125 0.141384 0.188477 0.116348 0.181641 0.104566
0 0.482422 0.167894 0.491211 0.139912 0.495117 0.116348 0.497070 0.070692 0.492188 0.038292 0.479492 0.001473 0.354492 0.001473 0.344727 0.033873 0.343750 0.070692 0.344727 0.091311 0.347656 0.117820 0.367188 0.167894 0.371094 0.172312 0.376953 0.169367 0.395508 0.172312 0.407227 0.179676 0.418945 0.191458 0.428711 0.204713 0.439453 0.228277 0.482422 0.167894
0 0.344727 0.344624 0.332031 0.321060 0.324219 0.301915 0.320312 0.279823 0.321289 0.245950 0.326172 0.223859 0.333008 0.204713 0.342773 0.189985 0.357422 0.179676 0.370117 0.170839 0.384766 0.169367 0.402344 0.175258 0.414062 0.187040 0.424805 0.198822 0.436523 0.219440 0.439453 0.228277 0.420898 0.254786 0.416992 0.260677 0.416992 0.282769 0.418945 0.287187 0.423828 0.290133 0.436523 0.294551 0.437500 0.341679 0.434570 0.346097 0.422852 0.337261 0.411133 0.331370 0.391602 0.331370 0.382812 0.334315 0.371094 0.344624 0.357422 0.354934 0.354492 0.357879 0.344727 0.344624
0 0.321289 0.521355 0.315430 0.500736 0.312500 0.483063 0.312500 0.472754 0.314453 0.449190 0.319336 0.430044 0.325195 0.415317 0.334961 0.399116 0.343750 0.388807 0.346680 0.384389 0.345703 0.396171 0.347656 0.403535 0.346680 0.425626 0.350586 0.437408 0.349609 0.456554 0.345703 0.462445 0.350586 0.471281 0.350586 0.481591 0.347656 0.484536 0.350586 0.484536 0.349609 0.491900 0.341797 0.499264 0.341797 0.503682 0.348633 0.496318 0.349609 0.505155 0.343750 0.512518 0.341797 0.515464 0.341797 0.516937 0.331055 0.518409 0.321289 0.521355
0 0.147461 0.490427 0.134766 0.502209 0.125977 0.512518 0.120117 0.527246 0.114258 0.541973 0.108398 0.562592 0.103516 0.590574 0.104492 0.611193 0.107422 0.628866 0.114258 0.655376 0.122070 0.677467 0.132812 0.695140 0.151367 0.714286 0.167969 0.724595 0.186523 0.727541 0.209961 0.726068 0.228516 0.720177 0.245117 0.706922 0.250977 0.683358 0.258789 0.662739 0.268555 0.648012 0.276367 0.640648 0.279297 0.615611 0.279297 0.586156 0.275391 0.564065 0.270508 0.550810 0.263672 0.534610 0.255859 0.519882 0.245117 0.505155 0.231445 0.493373 0.218750 0.483063 0.203125 0.477172 0.184570 0.475700 0.172852 0.475700 0.160156 0.481591 0.147461 0.490427
0 0.356445 0.625920 0.341797 0.618557 0.327148 0.615611 0.311523 0.617084 0.294922 0.624448 0.284180 0.631811 0.277344 0.639175 0.268555 0.649485 0.260742 0.659794 0.252930 0.678940 0.248047 0.698085 0.244141 0.714286 0.243164 0.726068 0.243164 0.743741 0.245117 0.762887 0.249023 0.783505 0.255859 0.798233 0.261719 0.811487 0.270508 0.826215 0.280273 0.837997 0.287109 0.842415 0.285156 0.836524 0.274414 0.829161 0.273438 0.824742 0.275391 0.818851 0.278320 0.817378 0.290039 0.824742 0.297852 0.830633 0.298828 0.827688 0.288086 0.817378 0.282227 0.811487 0.284180 0.808542 0.286133 0.804124 0.290039 0.805596 0.295898 0.808542 0.307617 0.817378 0.322266 0.824742 0.339844 0.827688 0.342773 0.824742 0.346680 0.821797 0.338867 0.815906 0.333008 0.812960 0.327148 0.808542 0.324219 0.799705 0.324219 0.792342 0.328125 0.789396 0.332031 0.795287 0.337891 0.796760 0.344727 0.802651 0.353516 0.805596 0.357422 0.807069 0.365234 0.814433 0.371094 0.818851 0.376953 0.829161 0.384766 0.820324 0.386719 0.817378 0.382812 0.790869 0.382812 0.770250 0.385742 0.749632 0.389648 0.730486 0.396484 0.712813 0.399414 0.705449 0.397461 0.686303 0.389648 0.671576 0.382812 0.656848 0.370117 0.639175 0.356445 0.625920
0 0.480469 0.640648 0.489258 0.642121 0.500977 0.646539 0.512695 0.650957 0.525391 0.661267 0.537109 0.674521 0.545898 0.684831 0.555664 0.706922 0.564453 0.727541 0.568359 0.758468 0.569336 0.799705 0.564453 0.826215 0.557617 0.846834 0.550781 0.864507 0.491211 0.836524 0.469727 0.832106 0.457031 0.835052 0.444336 0.842415 0.441406 0.845361 0.445312 0.829161 0.442383 0.824742 0.435547 0.826215 0.414062 0.880707 0.412109 0.877761 0.422852 0.845361 0.423828 0.833579 0.420898 0.830633 0.416016 0.833579 0.412109 0.839470 0.402344 0.861561 0.394531 0.845361 0.391602 0.833579 0.388672 0.826215 0.387695 0.820324 0.384766 0.805596 0.381836 0.779087 0.384766 0.755523 0.391602 0.727541 0.400391 0.705449 0.410156 0.684831 0.426758 0.665685 0.437500 0.656848 0.443359 0.652430 0.452148 0.648012 0.458008 0.646539 0.461914 0.643594 0.470703 0.642121 0.473633 0.642121 0.480469 0.640648
0 0.239258 0.857143 0.183594 0.871870 0.168945 0.871870 0.168945 0.855670 0.166992 0.832106 0.161133 0.805596 0.151367 0.779087 0.139648 0.755523 0.126953 0.742268 0.114258 0.729013 0.123047 0.712813 0.137695 0.702504 0.146484 0.711340 0.160156 0.721649 0.190430 0.729013 0.207031 0.727541 0.225586 0.723122 0.229492 0.721649 0.234375 0.733432 0.240234 0.748159 0.246094 0.767305 0.250000 0.789396 0.250977 0.817378 0.244141 0.829161 0.239258 0.857143
0 0.103516 0.908689 0.127930 0.891016 0.162109 0.874816 0.193359 0.876289 0.214844 0.882180 0.235352 0.898380 0.248047 0.911635 0.272461 0.948454 0.283203 0.974963 0.289062 1.000000 0.264648 0.998527 0.120117 1.000000 0.103516 0.908689
0 0.081055 0.715758 0.091797 0.718704 0.106445 0.726068 0.114258 0.729013 0.139648 0.755523 0.153320 0.780560 0.163086 0.812960 0.167969 0.846834 0.167969 0.874816 0.153320 0.879234 0.136719 0.885125 0.124023 0.892489 0.104492 0.907216 0.080078 0.742268 0.083984 0.734904 0.081055 0.715758
0 0.096680 0.564065 0.107422 0.550810 0.118164 0.527246 0.128906 0.499264 0.138672 0.450663 0.135742 0.400589 0.126953 0.363770 0.116211 0.341679 0.101562 0.319588 0.077148 0.293078 0.050781 0.279823 0.033203 0.278351 0.006836 0.284242 0.036133 0.474227 0.056641 0.500736 0.073242 0.541973 0.081055 0.574374 0.087891 0.575847 0.087891 0.584683 0.090820 0.593520 0.095703 0.593520 0.099609 0.589102 0.098633 0.578792 0.095703 0.574374 0.096680 0.564065
0 0.073242 0.661267 0.081055 0.631811 0.082031 0.592047 0.080078 0.572901 0.074219 0.546392 0.066406 0.524300 0.053711 0.496318 0.045898 0.487482 0.037109 0.475700 0.065430 0.656848 0.067383 0.653903 0.072266 0.656848 0.073242 0.661267
0 0.879883 0.964654 0.889648 0.941090 0.893555 0.916053 0.895508 0.879234 0.888672 0.842415 0.875000 0.810015 0.855469 0.784978 0.836914 0.768778 0.815430 0.761414 0.790039 0.759941 0.772461 0.768778 0.755859 0.780560 0.740234 0.798233 0.725586 0.821797 0.718750 0.849779 0.714844 0.879234 0.713867 0.896907 0.739258 0.877761 0.766602 0.868925 0.801758 0.874816 0.827148 0.889543 0.844727 0.904271 0.858398 0.921944 0.875000 0.955817 0.879883 0.964654
0 0.697266 0.924890 0.708984 0.907216 0.725586 0.889543 0.752930 0.876289 0.766602 0.871870 0.791016 0.876289 0.813477 0.885125 0.829102 0.892489 0.844727 0.908689 0.858398 0.924890 0.871094 0.948454 0.883789 0.974963 0.887695 0.998527 0.677734 1.000000 0.678711 0.983800 0.683594 0.963181 0.692383 0.935199 0.697266 0.924890
0 0.720703 0.674521 0.729492 0.652430 0.746094 0.622975 0.762695 0.606775 0.783203 0.596465 0.799805 0.596465 0.813477 0.596465 0.821289 0.611193 0.837891 0.628866 0.855469 0.645066 0.876953 0.659794 0.885742 0.677467 0.891602 0.706922 0.892578 0.736377 0.889648 0.768778 0.880859 0.799705 0.874023 0.810015 0.857422 0.787923 0.838867 0.770250 0.817383 0.762887 0.799805 0.759941 0.782227 0.764359 0.767578 0.771723 0.755859 0.782032 0.744141 0.793814 0.738281 0.801178 0.731445 0.773196 0.720703 0.715758 0.724609 0.709867 0.726562 0.706922 0.725586 0.689249 0.724609 0.680412 0.720703 0.674521
0 0.792969 0.500736 0.798828 0.481591 0.808594 0.456554 0.818359 0.440353 0.839844 0.431517 0.859375 0.422680 0.875000 0.409426 0.894531 0.391753 0.908203 0.391753 0.930664 0.394698 0.907227 0.665685 0.877930 0.659794 0.849609 0.640648 0.827148 0.618557 0.815430 0.600884 0.800781 0.567010 0.791016 0.537555 0.790039 0.525773 0.785156 0.522828 0.784180 0.516937 0.787109 0.508100 0.791992 0.506627 0.792969 0.500736
0 0.721680 0.263623 0.726562 0.226804 0.733398 0.200295 0.745117 0.172312 0.758789 0.148748 0.771484 0.131075 0.789062 0.116348 0.814453 0.101620 0.834961 0.098675 0.863281 0.103093 0.885742 0.114875 0.904297 0.135493 0.923828 0.166421 0.932617 0.188513 0.936523 0.215022 0.938477 0.241532 0.938477 0.266568 0.936523 0.285714 0.932617 0.310751 0.928711 0.319588 0.914062 0.319588 0.911133 0.306333 0.905273 0.300442 0.901367 0.297496 0.896484 0.300442 0.891602 0.310751 0.890625 0.334315 0.890625 0.353461 0.891602 0.363770 0.896484 0.368189 0.900391 0.368189 0.904297 0.362297 0.909180 0.356406 0.911133 0.349043 0.920898 0.349043 0.917969 0.353461 0.915039 0.357879 0.913086 0.363770 0.900391 0.382916 0.889648 0.396171 0.873047 0.409426 0.856445 0.424153 0.824219 0.437408 0.790039 0.432990 0.760742 0.413844 0.747070 0.393225 0.731445 0.356406 0.721680 0.309278 0.721680 0.263623
0 0.714844 0.166421 0.705078 0.194404 0.695312 0.217968 0.686523 0.237113 0.679688 0.244477 0.641602 0.240059 0.607422 0.228277 0.589844 0.210604 0.579102 0.192931 0.565430 0.156112 0.557617 0.114875 0.558594 0.078056 0.565430 0.041237 0.579102 0.011782 0.585938 0.000000 0.694336 0.001473 0.705078 0.020619 0.709961 0.032401 0.705078 0.057437 0.703125 0.083947 0.704102 0.111929 0.708008 0.145803 0.714844 0.166421
0 0.727539 0.189985 0.718750 0.175258 0.712891 0.156112 0.705078 0.128130 0.703125 0.098675 0.703125 0.076583 0.705078 0.055965 0.709961 0.030928 0.716797 0.010309 0.720703 0.001473 0.878906 0.001473 0.886719 0.023564 0.889648 0.044183 0.891602 0.073638 0.890625 0.101620 0.885742 0.114875 0.865234 0.103093 0.844727 0.098675 0.828125 0.098675 0.812500 0.104566 0.794922 0.111929 0.779297 0.125184 0.765625 0.138439 0.751953 0.159057 0.742188 0.178203 0.733398 0.198822 0.727539 0.189985
0 0.364258 0.910162 0.349609 0.895434 0.334961 0.893962 0.318359 0.896907 0.306641 0.916053 0.291016 0.941090 0.279297 0.961708 0.288086 0.991163 0.289062 0.998527 0.422852 0.998527 0.416992 0.982327 0.403320 0.961708 0.381836 0.930781 0.364258 0.910162
0 0.093750 0.600884 0.101562 0.609720 0.105469 0.614138 0.108398 0.634757 0.112305 0.650957 0.121094 0.674521 0.127930 0.687776 0.126953 0.709867 0.116211 0.721649 0.113281 0.729013 0.086914 0.717231 0.080078 0.714286 0.073242 0.661267 0.082031 0.631811 0.083008 0.603829 0.083984 0.589102 0.093750 0.600884
