0 0.087240 0.014648 0.136719 0.041016 0.178385 0.070312 0.212240 0.114258 0.220052 0.140625 0.222656 0.199219 0.209635 0.241211 0.178385 0.281250 0.113281 0.267578 0.057292 0.271484 0.002604 0.288086 0.002604 0.000000 0.041667 0.000000 0.074219 0.004883 0.087240 0.014648
0 0.201823 0.291016 0.240885 0.310547 0.269531 0.338867 0.289062 0.364258 0.299479 0.399414 0.299479 0.431641 0.285156 0.463867 0.265625 0.491211 0.240885 0.511719 0.195312 0.537109 0.147135 0.547852 0.089844 0.549805 0.041667 0.543945 0.000000 0.527344 0.002604 0.288086 0.046875 0.273438 0.074219 0.268555 0.106771 0.266602 0.139323 0.270508 0.169271 0.278320 0.201823 0.291016
0 0.209635 0.696289 0.195312 0.711914 0.177083 0.727539 0.145833 0.744141 0.084635 0.762695 0.033854 0.762695 0.001302 0.751953 0.001302 0.546875 0.023438 0.541016 0.029948 0.541016 0.054688 0.546875 0.087240 0.548828 0.121094 0.549805 0.143229 0.547852 0.167969 0.543945 0.180990 0.547852 0.205729 0.562500 0.200521 0.578125 0.200521 0.583984 0.199219 0.613281 0.208333 0.649414 0.223958 0.671875 0.209635 0.696289
0 0.093750 0.799805 0.079427 0.833984 0.083333 0.865234 0.089844 0.893555 0.125000 0.936523 0.078125 0.955078 0.001302 0.963867 0.003906 0.754883 0.033854 0.763672 0.083333 0.763672 0.141927 0.746094 0.108073 0.774414 0.093750 0.799805
0 0.313802 0.350586 0.329427 0.372070 0.342448 0.407227 0.341146 0.421875 0.317708 0.414062 0.299479 0.410156 0.294271 0.378906 0.279948 0.349609 0.260417 0.332031 0.250000 0.319336 0.278646 0.328125 0.313802 0.350586
0 0.363281 0.433594 0.381510 0.446289 0.389323 0.455078 0.352865 0.459961 0.308594 0.473633 0.274740 0.488281 0.244792 0.509766 0.229167 0.524414 0.216146 0.545898 0.207031 0.560547 0.190104 0.553711 0.167969 0.543945 0.199219 0.535156 0.233073 0.514648 0.259115 0.497070 0.279948 0.474609 0.296875 0.444336 0.299479 0.411133 0.324219 0.415039 0.345052 0.422852 0.363281 0.433594
0 0.429688 0.856445 0.414062 0.890625 0.390625 0.914062 0.363281 0.935547 0.328125 0.954102 0.279948 0.964844 0.223958 0.967773 0.175781 0.960938 0.140625 0.948242 0.114583 0.924805 0.092448 0.897461 0.082031 0.858398 0.078125 0.830078 0.095052 0.793945 0.118490 0.768555 0.144531 0.746094 0.178385 0.727539 0.220052 0.713867 0.270833 0.708984 0.295573 0.721680 0.324219 0.730469 0.368490 0.739258 0.381510 0.739258 0.404948 0.765625 0.429688 0.804688 0.436198 0.833008 0.429688 0.856445
0 0.480469 0.882812 0.455729 0.905273 0.430990 0.920898 0.398438 0.929688 0.369792 0.933594 0.395833 0.910156 0.419271 0.881836 0.432292 0.849609 0.436198 0.826172 0.432292 0.811523 0.457031 0.825195 0.485677 0.838867 0.497396 0.842773 0.490885 0.864258 0.480469 0.882812
0 0.717448 0.675781 0.734375 0.704102 0.742188 0.740234 0.729167 0.777344 0.708333 0.800781 0.677083 0.826172 0.632812 0.841797 0.592448 0.849609 0.540365 0.851562 0.498698 0.842773 0.463542 0.829102 0.432292 0.809570 0.416667 0.786133 0.404948 0.763672 0.382812 0.740234 0.414062 0.740234 0.449219 0.736328 0.485677 0.723633 0.524740 0.705078 0.554688 0.681641 0.576823 0.652344 0.587240 0.629883 0.592448 0.609375 0.634115 0.619141 0.674479 0.638672 0.704427 0.660156 0.717448 0.675781
0 0.441406 0.459961 0.460938 0.463867 0.497396 0.476562 0.529948 0.494141 0.569010 0.525391 0.589844 0.564453 0.591146 0.609375 0.576823 0.656250 0.552083 0.683594 0.520833 0.705078 0.475260 0.727539 0.436198 0.739258 0.364583 0.738281 0.298177 0.722656 0.248698 0.694336 0.214844 0.658203 0.199219 0.610352 0.199219 0.579102 0.209635 0.554688 0.230469 0.525391 0.265625 0.494141 0.307292 0.473633 0.358073 0.459961 0.401042 0.455078 0.427083 0.458008 0.441406 0.459961
0 0.848958 0.434570 0.861979 0.467773 0.859375 0.498047 0.843750 0.530273 0.809896 0.567383 0.751302 0.594727 0.699219 0.612305 0.639323 0.612305 0.593750 0.606445 0.591146 0.562500 0.567708 0.523438 0.527344 0.493164 0.490885 0.474609 0.475260 0.464844 0.506510 0.421875 0.542969 0.396484 0.596354 0.386719 0.651042 0.368164 0.670573 0.359375 0.723958 0.361328 0.769531 0.374023 0.821615 0.399414 0.848958 0.434570
0 0.782552 0.247070 0.760417 0.290039 0.731771 0.317383 0.690104 0.348633 0.636719 0.374023 0.585938 0.390625 0.540365 0.397461 0.489583 0.400391 0.442708 0.391602 0.404948 0.361328 0.375000 0.322266 0.355469 0.283203 0.345052 0.241211 0.346354 0.205078 0.363281 0.163086 0.394531 0.121094 0.429688 0.093750 0.470052 0.074219 0.519531 0.058594 0.570312 0.053711 0.622396 0.053711 0.671875 0.066406 0.713542 0.083984 0.756510 0.115234 0.774740 0.144531 0.790365 0.182617 0.790365 0.220703 0.782552 0.247070
