0 0.175258 0.343750 0.188513 0.337891 0.207658 0.333008 0.226804 0.332031 0.247423 0.334961 0.265096 0.340820 0.278351 0.350586 0.287187 0.364258 0.290133 0.376953 0.290133 0.389648 0.281296 0.393555 0.276878 0.400391 0.273932 0.401367 0.266568 0.404297 0.254786 0.413086 0.243004 0.421875 0.240059 0.424805 0.235641 0.424805 0.226804 0.429688 0.225331 0.420898 0.220913 0.403320 0.213549 0.391602 0.207658 0.382812 0.197349 0.374023 0.167894 0.362305 0.159057 0.361328 0.164948 0.353516 0.175258 0.343750
0 0.106038 0.370117 0.117820 0.365234 0.134021 0.362305 0.150221 0.359375 0.170839 0.363281 0.192931 0.373047 0.207658 0.381836 0.216495 0.395508 0.220913 0.407227 0.225331 0.422852 0.223859 0.433594 0.210604 0.446289 0.198822 0.454102 0.185567 0.459961 0.170839 0.462891 0.150221 0.462891 0.131075 0.458008 0.116348 0.451172 0.098675 0.440430 0.086892 0.423828 0.082474 0.408203 0.085420 0.393555 0.092784 0.384766 0.097202 0.377930 0.106038 0.370117
0 0.027982 0.406250 0.033873 0.397461 0.041237 0.388672 0.053019 0.384766 0.066274 0.379883 0.079529 0.376953 0.098675 0.376953 0.091311 0.386719 0.083947 0.395508 0.082474 0.409180 0.086892 0.422852 0.098675 0.440430 0.082474 0.435547 0.066274 0.432617 0.051546 0.433594 0.042710 0.434570 0.030928 0.436523 0.026510 0.429688 0.026510 0.420898 0.026510 0.412109 0.027982 0.406250
0 0.010309 0.445312 0.027982 0.437500 0.044183 0.434570 0.060383 0.433594 0.078056 0.434570 0.094256 0.439453 0.108984 0.446289 0.117820 0.452148 0.131075 0.458008 0.145803 0.461914 0.156112 0.463867 0.156112 0.464844 0.142857 0.473633 0.134021 0.483398 0.125184 0.498047 0.120766 0.504883 0.106038 0.511719 0.083947 0.519531 0.058910 0.524414 0.032401 0.521484 0.016200 0.515625 0.000000 0.508789 0.001473 0.451172 0.010309 0.445312
0 0.116348 0.558594 0.098675 0.556641 0.083947 0.552734 0.070692 0.545898 0.061856 0.532227 0.061856 0.525391 0.086892 0.520508 0.108984 0.512695 0.120766 0.504883 0.123711 0.516602 0.129602 0.540039 0.147275 0.553711 0.128130 0.558594 0.116348 0.558594
0 0.225331 0.468750 0.244477 0.478516 0.260677 0.492188 0.268041 0.505859 0.269514 0.521484 0.265096 0.537109 0.253314 0.549805 0.235641 0.559570 0.220913 0.564453 0.203240 0.565430 0.178203 0.564453 0.157585 0.557617 0.147275 0.552734 0.138439 0.544922 0.129602 0.534180 0.125184 0.519531 0.123711 0.506836 0.128130 0.493164 0.134021 0.483398 0.144330 0.475586 0.157585 0.467773 0.166421 0.464844 0.187040 0.462891 0.204713 0.463867 0.225331 0.468750
0 0.458027 0.333984 0.471281 0.324219 0.494845 0.316406 0.512518 0.314453 0.528719 0.316406 0.544919 0.322266 0.543446 0.342773 0.543446 0.352539 0.546392 0.355469 0.539028 0.358398 0.533137 0.357422 0.528719 0.361328 0.524300 0.364258 0.524300 0.371094 0.522828 0.374023 0.522828 0.376953 0.525773 0.379883 0.522828 0.382812 0.527246 0.384766 0.528719 0.385742 0.528719 0.389648 0.531664 0.392578 0.539028 0.392578 0.543446 0.392578 0.540501 0.395508 0.527246 0.399414 0.512518 0.400391 0.494845 0.399414 0.474227 0.394531 0.458027 0.383789 0.449190 0.373047 0.444772 0.361328 0.446244 0.350586 0.449190 0.342773 0.458027 0.333984
0 0.550810 0.297852 0.558174 0.283203 0.569956 0.271484 0.584683 0.260742 0.597938 0.255859 0.622975 0.249023 0.614138 0.256836 0.611193 0.265625 0.609720 0.274414 0.611193 0.282227 0.605302 0.283203 0.609720 0.312500 0.597938 0.334961 0.594993 0.340820 0.584683 0.352539 0.574374 0.361328 0.547865 0.355469 0.544919 0.352539 0.544919 0.336914 0.544919 0.317383 0.547865 0.306641 0.550810 0.297852
0 0.673049 0.546875 0.693667 0.531250 0.720177 0.521484 0.749632 0.512695 0.780560 0.512695 0.807069 0.516602 0.832106 0.524414 0.852725 0.539062 0.865979 0.556641 0.871870 0.575195 0.870398 0.588867 0.860088 0.607422 0.836524 0.625000 0.820324 0.634766 0.786451 0.643555 0.758468 0.646484 0.730486 0.646484 0.703976 0.643555 0.675994 0.639648 0.665685 0.637695 0.656848 0.629883 0.648012 0.625000 0.636230 0.620117 0.624448 0.616211 0.612666 0.614258 0.621502 0.604492 0.631811 0.596680 0.637703 0.589844 0.645066 0.580078 0.652430 0.568359 0.662739 0.556641 0.673049 0.546875
0 0.547865 0.637695 0.561119 0.626953 0.577320 0.619141 0.596465 0.615234 0.617084 0.615234 0.640648 0.621094 0.656848 0.628906 0.670103 0.642578 0.675994 0.656250 0.677467 0.673828 0.668630 0.687500 0.655376 0.698242 0.637703 0.707031 0.620029 0.709961 0.600884 0.710938 0.583211 0.708008 0.568483 0.702148 0.555228 0.692383 0.547865 0.682617 0.540501 0.669922 0.539028 0.657227 0.541973 0.645508 0.547865 0.637695
0 0.500736 0.711914 0.502209 0.699219 0.503682 0.689453 0.511046 0.678711 0.518409 0.667969 0.527246 0.660156 0.540501 0.652344 0.539028 0.662109 0.540501 0.673828 0.547865 0.687500 0.559647 0.696289 0.571429 0.704102 0.592047 0.709961 0.615611 0.709961 0.640648 0.706055 0.658321 0.696289 0.658321 0.703125 0.656848 0.714844 0.650957 0.728516 0.637703 0.740234 0.624448 0.748047 0.606775 0.754883 0.586156 0.759766 0.564065 0.757812 0.541973 0.753906 0.525773 0.745117 0.509573 0.730469 0.503682 0.718750 0.500736 0.711914
