0 0.443359 0.260615 0.494141 0.228404 0.562500 0.218155 0.622070 0.238653 0.654297 0.262079 0.684570 0.289898 0.711914 0.319180 0.711914 0.326501 0.678711 0.338214 0.644531 0.360176 0.609375 0.345534 0.562500 0.342606 0.523438 0.342606 0.497070 0.354319 0.471680 0.367496 0.435547 0.393851 0.414062 0.424597 0.398438 0.449488 0.384766 0.472914 0.372070 0.500732 0.355469 0.446559 0.355469 0.412884 0.359375 0.371889 0.375000 0.338214 0.406250 0.300146 0.429688 0.272328 0.443359 0.260615
0 0.789062 0.313324 0.815430 0.316252 0.856445 0.327965 0.894531 0.348463 0.930664 0.376281 0.960938 0.405564 0.999023 0.461201 1.000000 0.554905 0.960938 0.530015 0.932617 0.515373 0.899414 0.503660 0.856445 0.502196 0.817383 0.505124 0.779297 0.516837 0.735352 0.538799 0.679688 0.582723 0.643555 0.631040 0.621094 0.661786 0.598633 0.710102 0.588867 0.730600 0.546875 0.734993 0.528320 0.740849 0.499023 0.748170 0.479492 0.767204 0.460938 0.730600 0.468750 0.679356 0.480469 0.631040 0.505859 0.557833 0.525391 0.510981 0.550781 0.471449 0.567383 0.443631 0.595703 0.408492 0.622070 0.380673 0.655273 0.357247 0.682617 0.339678 0.722656 0.322108 0.754883 0.316252 0.772461 0.314788 0.789062 0.313324
0 0.424805 0.670571 0.414062 0.655930 0.400391 0.639824 0.388672 0.594436 0.382812 0.543192 0.372070 0.500732 0.382812 0.475842 0.405273 0.437775 0.427734 0.409956 0.459961 0.377745 0.500977 0.354319 0.534180 0.344070 0.570312 0.344070 0.591797 0.344070 0.616211 0.346999 0.643555 0.361640 0.624023 0.377745 0.598633 0.404100 0.570312 0.439239 0.542969 0.483163 0.520508 0.525622 0.501953 0.572474 0.482422 0.628111 0.469727 0.672035 0.459961 0.723280 0.450195 0.701318 0.424805 0.670571
0 0.902344 0.929722 0.834961 0.844802 0.763672 0.792094 0.679688 0.755490 0.621094 0.742313 0.590820 0.739385 0.500977 0.755490 0.438477 0.777452 0.373047 0.822840 0.317383 0.868228 0.273438 0.913616 0.244141 0.964861 0.229492 0.997072 0.936523 0.997072 0.902344 0.929722
0 0.732422 0.661786 0.700195 0.698389 0.671875 0.743777 0.670898 0.749634 0.626953 0.742313 0.590820 0.737921 0.594727 0.718887 0.625977 0.657394 0.663086 0.604685 0.701172 0.566618 0.735352 0.541728 0.791992 0.512445 0.836914 0.503660 0.877930 0.502196 0.919922 0.512445 0.950195 0.522694 0.999023 0.556369 1.000000 0.584187 0.948242 0.569546 0.914062 0.572474 0.875000 0.581259 0.829102 0.594436 0.772461 0.620791 0.732422 0.661786
0 0.964844 0.998536 0.952148 1.000000 0.938477 1.000000 0.916016 0.945827 0.881836 0.894583 0.836914 0.838946 0.772461 0.793558 0.729492 0.774524 0.687500 0.752562 0.672852 0.745242 0.704102 0.695461 0.745117 0.648609 0.791016 0.610542 0.850586 0.590044 0.921875 0.573939 0.960938 0.575403 1.000000 0.588580 0.999023 0.998536 0.964844 0.998536
0 0.879883 0.311859 0.896484 0.295754 0.934570 0.269400 0.975586 0.250366 1.000000 0.241581 0.999023 0.449488 0.979492 0.427526 0.949219 0.392387 0.898438 0.349927 0.863281 0.329429 0.879883 0.311859
0 0.908203 0.156662 0.933594 0.163982 0.948242 0.178624 0.961914 0.188873 0.972656 0.202050 0.984375 0.216691 0.999023 0.235725 0.957031 0.257687 0.935547 0.270864 0.913086 0.284041 0.892578 0.297218 0.874023 0.316252 0.863281 0.327965 0.828125 0.319180 0.795898 0.314788 0.771484 0.313324 0.751953 0.314788 0.737305 0.317716 0.733398 0.313324 0.737305 0.289898 0.756836 0.248902 0.779297 0.207906 0.804688 0.181552 0.830078 0.159590 0.861328 0.149341 0.882812 0.147877 0.908203 0.156662
0 0.950195 0.144949 0.958008 0.143485 0.967773 0.140556 0.999023 0.143485 0.999023 0.231332 0.979492 0.206442 0.959961 0.185944 0.930664 0.162518 0.931641 0.155198 0.950195 0.144949
0 0.468750 0.162518 0.502930 0.147877 0.547852 0.142020 0.579102 0.144949 0.605469 0.158126 0.634766 0.175695 0.662109 0.202050 0.680664 0.229868 0.700195 0.263543 0.715820 0.291362 0.726562 0.316252 0.727539 0.319180 0.709961 0.326501 0.710938 0.319180 0.683594 0.289898 0.655273 0.263543 0.625000 0.244510 0.585938 0.225476 0.537109 0.219619 0.503906 0.225476 0.475586 0.240117 0.435547 0.262079 0.407227 0.292826 0.401367 0.282577 0.389648 0.262079 0.407227 0.228404 0.425781 0.197657 0.445312 0.175695 0.468750 0.162518
0 0.541992 0.051245 0.561523 0.040996 0.592773 0.035139 0.621094 0.033675 0.647461 0.042460 0.679688 0.061493 0.703125 0.077599 0.715820 0.099561 0.734375 0.134700 0.748047 0.158126 0.754883 0.181552 0.761719 0.203514 0.765625 0.209370 0.753906 0.247438 0.745117 0.266471 0.735352 0.292826 0.736328 0.311859 0.738281 0.316252 0.728516 0.317716 0.713867 0.288433 0.691406 0.244510 0.661133 0.199122 0.633789 0.174231 0.609375 0.155198 0.580078 0.144949 0.542969 0.134700 0.514648 0.136164 0.491211 0.143485 0.461914 0.161054 0.458008 0.156662 0.469727 0.130307 0.483398 0.109810 0.501953 0.086384 0.524414 0.058565 0.541992 0.051245
0 0.374023 0.244510 0.382812 0.254758 0.394531 0.276720 0.407227 0.294290 0.384766 0.323572 0.371094 0.339678 0.361328 0.364568 0.358398 0.371889 0.357422 0.355783 0.364258 0.336750 0.365234 0.316252 0.368164 0.285505 0.369141 0.260615 0.374023 0.244510
0 0.271484 0.062958 0.292969 0.062958 0.314453 0.060029 0.327148 0.062958 0.343750 0.073206 0.356445 0.076135 0.370117 0.086384 0.361328 0.106881 0.349609 0.115666 0.342773 0.136164 0.327148 0.125915 0.306641 0.118594 0.287109 0.115666 0.268555 0.114202 0.254883 0.115666 0.243164 0.120059 0.230469 0.124451 0.221680 0.127379 0.212891 0.106881 0.217773 0.093704 0.233398 0.081991 0.256836 0.067350 0.271484 0.062958
0 0.125000 0.276720 0.149414 0.276720 0.169922 0.275256 0.180664 0.281113 0.197266 0.285505 0.201172 0.326501 0.199219 0.364568 0.203125 0.389458 0.201172 0.411420 0.201172 0.421669 0.190430 0.430454 0.186523 0.445095 0.183594 0.449488 0.175781 0.474378 0.162109 0.502196 0.135742 0.499268 0.101562 0.509517 0.056641 0.532943 0.040039 0.538799 0.023438 0.550512 0.015625 0.556369 0.014648 0.538799 0.010742 0.512445 0.005859 0.491947 0.000977 0.487555 0.002930 0.379209 0.012695 0.355783 0.028320 0.332357 0.046875 0.314788 0.083984 0.292826 0.111328 0.279649 0.125000 0.276720
0 0.066406 0.237189 0.081055 0.216691 0.095703 0.199122 0.106445 0.184480 0.123047 0.169839 0.130859 0.166911 0.140625 0.181552 0.144531 0.190337 0.144531 0.204978 0.153320 0.218155 0.160156 0.222548 0.168945 0.229868 0.174805 0.235725 0.181641 0.238653 0.189453 0.241581 0.193359 0.245974 0.194336 0.254758 0.194336 0.260615 0.194336 0.266471 0.195312 0.269400 0.195312 0.275256 0.196289 0.282577 0.187500 0.282577 0.173828 0.278184 0.169922 0.275256 0.163086 0.275256 0.160156 0.275256 0.146484 0.276720 0.124023 0.276720 0.112305 0.278184 0.095703 0.285505 0.056641 0.308931 0.042969 0.320644 0.035156 0.329429 0.036133 0.313324 0.044922 0.288433 0.053711 0.257687 0.066406 0.237189
0 0.050781 0.098097 0.068359 0.111274 0.084961 0.121523 0.095703 0.134700 0.107422 0.147877 0.114258 0.165447 0.102539 0.178624 0.090820 0.200586 0.077148 0.215227 0.063477 0.235725 0.050781 0.257687 0.041992 0.240117 0.021484 0.200586 0.010742 0.185944 0.001953 0.180088 0.001953 0.089312 0.018555 0.084919 0.042969 0.092240 0.050781 0.098097
0 0.000977 0.183016 0.011719 0.191801 0.033203 0.226940 0.050781 0.257687 0.039062 0.303075 0.034180 0.323572 0.028320 0.335286 0.009766 0.361640 0.003906 0.376281 0.000977 0.376281 0.000977 0.183016
0 0.207031 0.510981 0.235352 0.516837 0.266602 0.531479 0.299805 0.551977 0.342773 0.575403 0.377930 0.606149 0.416992 0.658858 0.455078 0.713031 0.474609 0.761347 0.439453 0.775988 0.378906 0.814056 0.314453 0.871157 0.270508 0.919473 0.240234 0.969253 0.230469 0.997072 0.097656 0.998536 0.098633 0.957540 0.097656 0.866764 0.091797 0.767204 0.062500 0.654466 0.041992 0.594436 0.024414 0.569546 0.009766 0.563690 0.016602 0.557833 0.062500 0.531479 0.101562 0.518302 0.143555 0.506589 0.178711 0.506589 0.207031 0.510981
0 0.068359 0.998536 0.000977 1.000000 0.002930 0.551977 0.014648 0.559297 0.036133 0.587116 0.062500 0.650073 0.072266 0.702782 0.080078 0.742313 0.086914 0.784773 0.092773 0.852123 0.096680 0.926794 0.096680 0.975110 0.096680 0.997072 0.068359 0.998536
