0 0.468750 0.325521 0.478516 0.307292 0.495117 0.279948 0.516602 0.265625 0.535156 0.264323 0.553711 0.273438 0.568359 0.286458 0.578125 0.308594 0.581055 0.329427 0.578125 0.358073 0.566406 0.378906 0.556641 0.390625 0.544922 0.398438 0.539062 0.401042 0.536133 0.380208 0.528320 0.358073 0.514648 0.341146 0.495117 0.329427 0.478516 0.326823 0.467773 0.328125 0.468750 0.325521
0 0.529297 0.436198 0.517578 0.453125 0.502930 0.464844 0.484375 0.468750 0.469727 0.466146 0.455078 0.457031 0.438477 0.436198 0.432617 0.420573 0.427734 0.404948 0.427734 0.385417 0.432617 0.363281 0.438477 0.350260 0.449219 0.339844 0.463867 0.329427 0.480469 0.326823 0.500977 0.332031 0.514648 0.342448 0.527344 0.355469 0.535156 0.380208 0.538086 0.398438 0.536133 0.419271 0.529297 0.436198
0 0.400391 0.203125 0.420898 0.203125 0.437500 0.212240 0.451172 0.225260 0.458984 0.239583 0.464844 0.260417 0.466797 0.285156 0.463867 0.307292 0.459961 0.322917 0.457031 0.332031 0.457031 0.333333 0.446289 0.339844 0.438477 0.350260 0.433594 0.359375 0.421875 0.359375 0.411133 0.358073 0.403320 0.355469 0.388672 0.342448 0.376953 0.325521 0.367188 0.307292 0.362305 0.287760 0.361328 0.259115 0.366211 0.238281 0.374023 0.225260 0.384766 0.212240 0.400391 0.203125
0 0.341797 0.265625 0.352539 0.281250 0.359375 0.296875 0.366211 0.319010 0.366211 0.338542 0.361328 0.360677 0.353516 0.380208 0.344727 0.393229 0.333008 0.402344 0.309570 0.408854 0.289062 0.406250 0.275391 0.402344 0.255859 0.384115 0.247070 0.363281 0.240234 0.339844 0.254883 0.315104 0.269531 0.289062 0.287109 0.251302 0.291016 0.244792 0.307617 0.244792 0.323242 0.250000 0.339844 0.263021 0.341797 0.265625
0 0.374023 0.351562 0.364258 0.350260 0.367188 0.338542 0.366211 0.319010 0.362305 0.304688 0.360352 0.298177 0.364258 0.299479 0.370117 0.313802 0.375977 0.324219 0.382812 0.332031 0.390625 0.345052 0.401367 0.351562 0.393555 0.355469 0.372070 0.351562 0.374023 0.351562
0 0.452148 0.533854 0.435547 0.546875 0.421875 0.550781 0.406250 0.549479 0.396484 0.544271 0.403320 0.522135 0.405273 0.509115 0.419922 0.489583 0.430664 0.467448 0.432617 0.447917 0.432617 0.421875 0.440430 0.438802 0.453125 0.455729 0.465820 0.464844 0.471680 0.468750 0.469727 0.492188 0.464844 0.513021 0.457031 0.528646 0.452148 0.533854
0 0.390625 0.446615 0.397461 0.464844 0.403320 0.486979 0.404297 0.501302 0.404297 0.516927 0.398438 0.540365 0.386719 0.557292 0.367188 0.575521 0.352539 0.580729 0.328125 0.579427 0.309570 0.569010 0.293945 0.550781 0.281250 0.518229 0.277344 0.485677 0.283203 0.453125 0.291992 0.430990 0.306641 0.410156 0.327148 0.402344 0.339844 0.402344 0.358398 0.412760 0.378906 0.427083 0.390625 0.446615
0 0.418945 0.376302 0.425781 0.393229 0.432617 0.423177 0.432617 0.449219 0.425781 0.479167 0.414062 0.498698 0.405273 0.509115 0.405273 0.485677 0.398438 0.463542 0.386719 0.440104 0.373047 0.423177 0.353516 0.410156 0.343750 0.404948 0.334961 0.401042 0.343750 0.391927 0.351562 0.377604 0.360352 0.368490 0.381836 0.363281 0.399414 0.360677 0.412109 0.364583 0.418945 0.376302
0 0.262695 0.436198 0.254883 0.447917 0.235352 0.466146 0.216797 0.475260 0.192383 0.475260 0.174805 0.466146 0.161133 0.453125 0.150391 0.430990 0.147461 0.411458 0.148438 0.384115 0.156250 0.365885 0.165039 0.351562 0.166992 0.350260 0.177734 0.358073 0.196289 0.364583 0.209961 0.365885 0.222656 0.359375 0.232422 0.354167 0.240234 0.342448 0.247070 0.363281 0.254883 0.382812 0.266602 0.394531 0.277344 0.403646 0.271484 0.421875 0.262695 0.436198
0 0.301758 0.214844 0.289062 0.246094 0.262695 0.303385 0.238281 0.343750 0.228516 0.356771 0.209961 0.365885 0.191406 0.363281 0.170898 0.354167 0.161133 0.335938 0.146484 0.305990 0.143555 0.274740 0.146484 0.242188 0.157227 0.210938 0.166016 0.186198 0.184570 0.158854 0.197266 0.135417 0.220703 0.108073 0.231445 0.098958 0.252930 0.100260 0.274414 0.106771 0.288086 0.123698 0.303711 0.161458 0.306641 0.186198 0.301758 0.214844
0 0.126953 0.281250 0.115234 0.290365 0.094727 0.304688 0.073242 0.307292 0.051758 0.305990 0.031250 0.299479 0.015625 0.289062 0.000977 0.274740 0.000977 0.063802 0.023438 0.045573 0.041016 0.045573 0.055664 0.037760 0.075195 0.040365 0.083984 0.049479 0.095703 0.049479 0.113281 0.063802 0.127930 0.079427 0.140625 0.097656 0.150391 0.119792 0.159180 0.147135 0.161133 0.171875 0.158203 0.191406 0.160156 0.200521 0.151367 0.227865 0.143555 0.259115 0.139648 0.263021 0.126953 0.281250
0 0.315430 0.223958 0.314453 0.247396 0.300781 0.244792 0.296875 0.229167 0.303711 0.209635 0.306641 0.188802 0.306641 0.179688 0.310547 0.194010 0.314453 0.210938 0.315430 0.223958
0 0.151367 0.351562 0.148438 0.332031 0.150391 0.316406 0.157227 0.334635 0.166016 0.347656 0.159180 0.359375 0.154297 0.365885 0.151367 0.351562
