0 0.639648 0.026042 0.634766 0.042969 0.627930 0.050781 0.623047 0.054688 0.613281 0.055990 0.604492 0.054688 0.594727 0.044271 0.589844 0.026042 0.587891 0.016927 0.591797 0.001302 0.636719 0.000000 0.639648 0.011719 0.639648 0.026042
0 0.622070 0.188802 0.632812 0.203125 0.638672 0.222656 0.637695 0.238281 0.632812 0.257812 0.626953 0.279948 0.623047 0.287760 0.617188 0.291667 0.617188 0.294271 0.610352 0.294271 0.598633 0.281250 0.588867 0.260417 0.583984 0.247396 0.583984 0.229167 0.583008 0.213542 0.588867 0.201823 0.595703 0.192708 0.602539 0.186198 0.613281 0.186198 0.622070 0.188802
0 0.535156 0.186198 0.545898 0.201823 0.551758 0.218750 0.553711 0.236979 0.549805 0.255208 0.543945 0.273438 0.530273 0.292969 0.511719 0.303385 0.497070 0.304688 0.491211 0.302083 0.485352 0.299479 0.481445 0.296875 0.469727 0.276042 0.464844 0.250000 0.466797 0.225260 0.472656 0.207031 0.483398 0.190104 0.497070 0.179688 0.514648 0.174479 0.527344 0.179688 0.535156 0.186198
0 0.377930 0.135417 0.383789 0.125000 0.393555 0.114583 0.404297 0.109375 0.411133 0.110677 0.423828 0.118490 0.427734 0.130208 0.431641 0.143229 0.431641 0.156250 0.427734 0.174479 0.418945 0.188802 0.406250 0.195312 0.395508 0.195312 0.383789 0.188802 0.375977 0.175781 0.374023 0.165365 0.374023 0.151042 0.377930 0.135417
0 0.315430 0.033854 0.310547 0.050781 0.303711 0.059896 0.291992 0.067708 0.272461 0.070312 0.260742 0.063802 0.251953 0.049479 0.250000 0.032552 0.250000 0.018229 0.255859 0.001302 0.315430 0.001302 0.317383 0.018229 0.315430 0.033854
0 0.375000 0.001302 0.375977 0.013021 0.372070 0.031250 0.363281 0.044271 0.352539 0.049479 0.340820 0.048177 0.330078 0.040365 0.320312 0.026042 0.318359 0.018229 0.316406 0.007812 0.316406 0.000000 0.375000 0.001302
0 0.021484 0.170573 0.027344 0.177083 0.033203 0.191406 0.033203 0.209635 0.027344 0.222656 0.016602 0.229167 0.003906 0.229167 0.000977 0.226562 0.000977 0.158854 0.007812 0.160156 0.015625 0.165365 0.021484 0.170573
0 0.059570 0.075521 0.064453 0.069010 0.072266 0.066406 0.080078 0.066406 0.086914 0.071615 0.092773 0.082031 0.094727 0.092448 0.092773 0.105469 0.084961 0.114583 0.075195 0.117188 0.065430 0.115885 0.057617 0.105469 0.054688 0.093750 0.055664 0.082031 0.059570 0.075521
0 0.109375 0.096354 0.115234 0.109375 0.114258 0.125000 0.109375 0.132812 0.099609 0.136719 0.088867 0.135417 0.081055 0.128906 0.074219 0.117188 0.084961 0.114583 0.092773 0.106771 0.095703 0.092448 0.094727 0.087240 0.100586 0.088542 0.109375 0.096354
0 0.421875 0.644531 0.430664 0.661458 0.432617 0.682292 0.427734 0.699219 0.417969 0.713542 0.414062 0.717448 0.411133 0.678385 0.411133 0.652344 0.413086 0.638021 0.418945 0.638021 0.421875 0.644531
0 0.277344 0.617188 0.267578 0.597656 0.270508 0.576823 0.276367 0.562500 0.277344 0.576823 0.278320 0.580729 0.276367 0.591146 0.279297 0.610677 0.279297 0.622396 0.277344 0.617188
