0 0.726562 0.133250 0.743164 0.146949 0.757812 0.170610 0.768555 0.191781 0.774414 0.209215 0.771484 0.227895 0.773438 0.235367 0.771484 0.237858 0.768555 0.232877 0.766602 0.234122 0.753906 0.225405 0.734375 0.224159 0.724609 0.230386 0.716797 0.236613 0.701172 0.234122 0.692383 0.229141 0.680664 0.216687 0.670898 0.207970 0.662109 0.189290 0.662109 0.168120 0.666016 0.153176 0.673828 0.139477 0.685547 0.130760 0.701172 0.127024 0.714844 0.127024 0.726562 0.133250
0 0.778320 0.280199 0.774414 0.296389 0.765625 0.308842 0.751953 0.317559 0.740234 0.321295 0.727539 0.318804 0.713867 0.308842 0.705078 0.292653 0.703125 0.270237 0.708008 0.247821 0.716797 0.235367 0.735352 0.224159 0.756836 0.226650 0.766602 0.234122 0.774414 0.249066 0.780273 0.262765 0.778320 0.280199
0 0.701172 0.298879 0.687500 0.305106 0.676758 0.300125 0.666992 0.300125 0.655273 0.303861 0.651367 0.306351 0.638672 0.302615 0.629883 0.292653 0.626953 0.278954 0.620117 0.265255 0.614258 0.256538 0.614258 0.246575 0.615234 0.236613 0.622070 0.225405 0.627930 0.216687 0.639648 0.207970 0.654297 0.206725 0.665039 0.207970 0.677734 0.214197 0.691406 0.227895 0.698242 0.240349 0.703125 0.254047 0.706055 0.259029 0.703125 0.272727 0.705078 0.288917 0.705078 0.293898 0.701172 0.298879
0 0.609375 0.163138 0.620117 0.164384 0.630859 0.169365 0.640625 0.175592 0.651367 0.184309 0.660156 0.193026 0.666992 0.205479 0.669922 0.209215 0.650391 0.205479 0.636719 0.209215 0.626953 0.216687 0.616211 0.235367 0.602539 0.230386 0.584961 0.224159 0.574219 0.217933 0.564453 0.215442 0.565430 0.199253 0.571289 0.183064 0.581055 0.173101 0.590820 0.166874 0.600586 0.163138 0.609375 0.163138
0 0.708008 0.341220 0.707031 0.358655 0.701172 0.379826 0.692383 0.389788 0.680664 0.400996 0.668945 0.404732 0.659180 0.402242 0.643555 0.393524 0.634766 0.378580 0.630859 0.361146 0.630859 0.339975 0.637695 0.325031 0.645508 0.312578 0.655273 0.305106 0.668945 0.301370 0.682617 0.303861 0.694336 0.310087 0.704102 0.323786 0.708008 0.341220
0 0.530273 0.217933 0.544922 0.214197 0.565430 0.214197 0.584961 0.222914 0.616211 0.235367 0.614258 0.255293 0.601562 0.249066 0.583008 0.247821 0.566406 0.254047 0.553711 0.266501 0.548828 0.281445 0.545898 0.298879 0.545898 0.308842 0.527344 0.305106 0.514648 0.295143 0.505859 0.277709 0.504883 0.251557 0.510742 0.234122 0.530273 0.217933
0 0.629883 0.305106 0.624023 0.325031 0.613281 0.343711 0.595703 0.354919 0.577148 0.354919 0.564453 0.341220 0.554688 0.337484 0.548828 0.318804 0.545898 0.305106 0.548828 0.282690 0.555664 0.265255 0.566406 0.254047 0.579102 0.247821 0.589844 0.246575 0.599609 0.249066 0.613281 0.254047 0.620117 0.266501 0.628906 0.287671 0.629883 0.305106
0 0.627930 0.384807 0.618164 0.394770 0.603516 0.392279 0.592773 0.393524 0.586914 0.397260 0.586914 0.381071 0.582031 0.366127 0.577148 0.356164 0.589844 0.354919 0.602539 0.351183 0.614258 0.342466 0.623047 0.327522 0.625977 0.322540 0.634766 0.331258 0.631836 0.342466 0.630859 0.358655 0.635742 0.379826 0.627930 0.384807
0 0.638672 0.417186 0.642578 0.434620 0.643555 0.454545 0.639648 0.473225 0.626953 0.494396 0.612305 0.503113 0.592773 0.501868 0.582031 0.495641 0.572266 0.483188 0.566406 0.466999 0.563477 0.454545 0.563477 0.440847 0.575195 0.430884 0.583984 0.414695 0.587891 0.397260 0.597656 0.392279 0.608398 0.392279 0.620117 0.396015 0.629883 0.405978 0.638672 0.417186
0 0.532227 0.339975 0.544922 0.336239 0.554688 0.336239 0.565430 0.342466 0.577148 0.354919 0.585938 0.378580 0.585938 0.399751 0.583984 0.417186 0.573242 0.433375 0.562500 0.442092 0.548828 0.444583 0.532227 0.442092 0.516602 0.429639 0.507812 0.410959 0.502930 0.388543 0.507812 0.368618 0.516602 0.351183 0.532227 0.339975
0 0.503906 0.301370 0.516602 0.303861 0.523438 0.303861 0.537109 0.306351 0.547852 0.311333 0.550781 0.323786 0.553711 0.336239 0.542969 0.336239 0.532227 0.339975 0.517578 0.349938 0.512695 0.358655 0.506836 0.369863 0.491211 0.363636 0.472656 0.358655 0.457031 0.359900 0.446289 0.362391 0.449219 0.344956 0.455078 0.331258 0.462891 0.320050 0.474609 0.310087 0.486328 0.302615 0.503906 0.301370
0 0.424805 0.374844 0.433594 0.368618 0.442383 0.362391 0.455078 0.361146 0.468750 0.358655 0.478516 0.358655 0.493164 0.364882 0.506836 0.368618 0.504883 0.381071 0.502930 0.392279 0.507812 0.408468 0.511719 0.418431 0.503906 0.428394 0.496094 0.442092 0.484375 0.454545 0.470703 0.464508 0.459961 0.469489 0.446289 0.471980 0.433594 0.470735 0.418945 0.459527 0.410156 0.449564 0.405273 0.433375 0.404297 0.410959 0.407227 0.399751 0.411133 0.389788 0.424805 0.374844
0 0.562500 0.476961 0.560547 0.496887 0.554688 0.515567 0.548828 0.529265 0.537109 0.539228 0.529297 0.546700 0.519531 0.550436 0.503906 0.549191 0.493164 0.542964 0.482422 0.530511 0.476562 0.509340 0.476562 0.498132 0.478516 0.484433 0.486328 0.464508 0.493164 0.457036 0.503906 0.448319 0.513672 0.442092 0.524414 0.438356 0.527344 0.438356 0.535156 0.443337 0.546875 0.444583 0.553711 0.444583 0.560547 0.453300 0.562500 0.470735 0.562500 0.476961
0 0.448242 0.513076 0.437500 0.511831 0.425781 0.511831 0.415039 0.508095 0.403320 0.501868 0.391602 0.493151 0.380859 0.471980 0.378906 0.454545 0.380859 0.440847 0.387695 0.427148 0.395508 0.419676 0.403320 0.415940 0.404297 0.433375 0.410156 0.449564 0.419922 0.459527 0.435547 0.471980 0.451172 0.471980 0.468750 0.465753 0.481445 0.457036 0.486328 0.452055 0.490234 0.458281 0.483398 0.470735 0.479492 0.483188 0.476562 0.498132 0.475586 0.506849 0.462891 0.508095 0.448242 0.513076
0 0.375977 0.504359 0.384766 0.510585 0.396484 0.521793 0.405273 0.533001 0.413086 0.545455 0.414062 0.552927 0.416016 0.557908 0.415039 0.561644 0.412109 0.564134 0.406250 0.574097 0.394531 0.582814 0.378906 0.590286 0.359375 0.591532 0.341797 0.587796 0.330078 0.579078 0.319336 0.565380 0.314453 0.552927 0.314453 0.536737 0.319336 0.521793 0.328125 0.508095 0.341797 0.501868 0.356445 0.498132 0.368164 0.500623 0.375977 0.504359
0 0.299805 0.595268 0.311523 0.587796 0.328125 0.590286 0.341797 0.594022 0.350586 0.605230 0.353516 0.611457 0.354492 0.621420 0.350586 0.636364 0.345703 0.648817 0.337891 0.658780 0.326172 0.667497 0.317383 0.672478 0.303711 0.669988 0.292969 0.666252 0.285156 0.653798 0.280273 0.642590 0.280273 0.626401 0.283203 0.612702 0.291992 0.600249 0.299805 0.595268
