0 0.788086 0.098326 0.799805 0.100418 0.815430 0.104603 0.829102 0.117155 0.838867 0.133891 0.842773 0.148536 0.842773 0.164226 0.839844 0.178870 0.833984 0.194561 0.827148 0.202929 0.806641 0.214435 0.789062 0.217573 0.772461 0.216527 0.752930 0.203975 0.742188 0.190377 0.739258 0.180962 0.754883 0.171548 0.767578 0.162134 0.777344 0.147490 0.786133 0.123431 0.788086 0.111925 0.788086 0.098326
0 0.757812 0.043933 0.769531 0.054393 0.778320 0.064854 0.785156 0.081590 0.789062 0.097280 0.788086 0.114017 0.784180 0.131799 0.779297 0.143305 0.771484 0.155858 0.759766 0.167364 0.749023 0.175732 0.740234 0.180962 0.720703 0.180962 0.700195 0.177824 0.679688 0.165272 0.671875 0.153766 0.666016 0.145397 0.678711 0.126569 0.683594 0.104603 0.685547 0.080544 0.683594 0.062762 0.678711 0.053347 0.692383 0.041841 0.708984 0.036611 0.726562 0.035565 0.748047 0.039749 0.757812 0.043933
0 0.635742 0.018828 0.654297 0.025105 0.666016 0.033473 0.674805 0.044979 0.682617 0.060669 0.684570 0.081590 0.681641 0.109833 0.677734 0.126569 0.667969 0.141213 0.656250 0.155858 0.643555 0.166318 0.625000 0.168410 0.604492 0.166318 0.588867 0.161088 0.572266 0.151674 0.561523 0.140167 0.551758 0.111925 0.550781 0.086820 0.553711 0.064854 0.562500 0.048117 0.572266 0.032427 0.584961 0.020921 0.600586 0.013598 0.615234 0.013598 0.635742 0.018828
0 0.495117 0.042887 0.509766 0.036611 0.530273 0.036611 0.544922 0.040795 0.555664 0.048117 0.559570 0.052301 0.553711 0.066946 0.550781 0.092050 0.552734 0.115063 0.561523 0.138075 0.565430 0.145397 0.554688 0.154812 0.541992 0.162134 0.530273 0.167364 0.510742 0.168410 0.493164 0.161088 0.481445 0.152720 0.471680 0.137029 0.463867 0.123431 0.458984 0.100418 0.461914 0.079498 0.471680 0.063808 0.481445 0.052301 0.495117 0.042887
0 0.827148 0.203975 0.831055 0.220711 0.830078 0.244770 0.823242 0.261506 0.810547 0.277197 0.797852 0.289749 0.786133 0.293933 0.771484 0.296025 0.756836 0.292887 0.740234 0.281381 0.729492 0.271967 0.721680 0.257322 0.717773 0.243724 0.725586 0.222803 0.730469 0.205021 0.731445 0.198745 0.741211 0.189331 0.750000 0.199791 0.757812 0.209205 0.772461 0.216527 0.794922 0.217573 0.809570 0.213389 0.827148 0.203975
0 0.712891 0.191423 0.697266 0.193515 0.681641 0.191423 0.667969 0.185146 0.652344 0.171548 0.660156 0.162134 0.666992 0.145397 0.673828 0.156904 0.681641 0.165272 0.690430 0.172594 0.700195 0.177824 0.716797 0.182008 0.725586 0.182008 0.712891 0.191423
0 0.597656 0.186192 0.585938 0.179916 0.566406 0.163180 0.562500 0.149582 0.566406 0.145397 0.577148 0.154812 0.590820 0.162134 0.607422 0.166318 0.621094 0.169456 0.624023 0.168410 0.643555 0.166318 0.655273 0.156904 0.666992 0.145397 0.661133 0.161088 0.650391 0.171548 0.635742 0.180962 0.620117 0.186192 0.608398 0.188285 0.597656 0.186192
0 0.683594 0.262552 0.665039 0.255230 0.653320 0.241632 0.646484 0.232218 0.658203 0.216527 0.663086 0.197699 0.664062 0.180962 0.676758 0.190377 0.694336 0.193515 0.710938 0.191423 0.726562 0.182008 0.735352 0.182008 0.738281 0.190377 0.731445 0.197699 0.728516 0.213389 0.724609 0.225941 0.719727 0.239540 0.717773 0.242678 0.719727 0.248954 0.708008 0.255230 0.703125 0.258368 0.703125 0.260460 0.699219 0.261506 0.697266 0.260460 0.683594 0.262552
0 0.748047 0.308577 0.740234 0.315900 0.728516 0.322176 0.711914 0.324268 0.701172 0.324268 0.687500 0.316946 0.675781 0.305439 0.668945 0.290795 0.666992 0.278243 0.665039 0.267782 0.668945 0.258368 0.683594 0.261506 0.696289 0.259414 0.699219 0.261506 0.702148 0.260460 0.703125 0.258368 0.719727 0.248954 0.726562 0.265690 0.734375 0.276151 0.746094 0.284519 0.756836 0.291841 0.748047 0.308577
0 0.640625 0.240586 0.624023 0.245816 0.606445 0.246862 0.592773 0.242678 0.583008 0.236402 0.568359 0.220711 0.566406 0.215481 0.564453 0.206067 0.563477 0.200837 0.572266 0.190377 0.579102 0.174686 0.588867 0.182008 0.606445 0.188285 0.621094 0.187238 0.634766 0.180962 0.652344 0.170502 0.662109 0.180962 0.663086 0.199791 0.660156 0.212343 0.652344 0.223849 0.640625 0.240586
0 0.649414 0.290795 0.636719 0.301255 0.622070 0.304393 0.602539 0.303347 0.589844 0.294979 0.577148 0.283473 0.571289 0.264644 0.569336 0.251046 0.583008 0.238494 0.594727 0.243724 0.606445 0.247908 0.622070 0.245816 0.638672 0.241632 0.646484 0.232218 0.652344 0.239540 0.660156 0.251046 0.666016 0.256276 0.664062 0.266736 0.658203 0.280335 0.649414 0.290795
0 0.534180 0.266736 0.521484 0.266736 0.508789 0.257322 0.499023 0.247908 0.496094 0.243724 0.499023 0.232218 0.499023 0.220711 0.497070 0.210251 0.502930 0.214435 0.513672 0.215481 0.526367 0.213389 0.542969 0.209205 0.555664 0.205021 0.561523 0.200837 0.564453 0.216527 0.574219 0.229079 0.583008 0.237448 0.571289 0.250000 0.559570 0.261506 0.545898 0.266736 0.534180 0.266736
0 0.470703 0.184100 0.465820 0.168410 0.463867 0.158996 0.461914 0.145397 0.461914 0.134937 0.463867 0.123431 0.470703 0.137029 0.481445 0.152720 0.494141 0.162134 0.510742 0.168410 0.530273 0.168410 0.544922 0.161088 0.553711 0.155858 0.558594 0.151674 0.562500 0.150628 0.566406 0.161088 0.573242 0.169456 0.579102 0.173640 0.571289 0.191423 0.559570 0.200837 0.545898 0.208159 0.526367 0.211297 0.510742 0.213389 0.500000 0.210251 0.488281 0.201883 0.477539 0.194561 0.470703 0.184100
0 0.488281 0.256276 0.476562 0.267782 0.466797 0.273013 0.450195 0.276151 0.437500 0.276151 0.425781 0.273013 0.414062 0.264644 0.402344 0.254184 0.395508 0.239540 0.391602 0.228033 0.391602 0.210251 0.393555 0.197699 0.400391 0.185146 0.408203 0.175732 0.417969 0.168410 0.431641 0.163180 0.446289 0.160042 0.458008 0.163180 0.464844 0.165272 0.472656 0.184100 0.479492 0.197699 0.493164 0.207113 0.498047 0.212343 0.499023 0.229079 0.496094 0.242678 0.488281 0.256276
0 0.337891 0.266736 0.344727 0.276151 0.344727 0.286611 0.341797 0.301255 0.332031 0.310669 0.323242 0.314854 0.318359 0.315900 0.309570 0.311715 0.299805 0.305439 0.294922 0.296025 0.294922 0.289749 0.305664 0.289749 0.313477 0.284519 0.322266 0.277197 0.325195 0.267782 0.325195 0.259414 0.332031 0.262552 0.337891 0.266736
0 0.278320 0.278243 0.273438 0.266736 0.271484 0.255230 0.276367 0.241632 0.288086 0.233264 0.298828 0.232218 0.309570 0.234310 0.317383 0.239540 0.322266 0.248954 0.325195 0.258368 0.325195 0.269874 0.321289 0.278243 0.313477 0.285565 0.305664 0.289749 0.297852 0.292887 0.286133 0.286611 0.278320 0.278243
